# This puzzle is solvable
20
  1   2   3   4  54   6   7   8   9  10  11  12  13  14  15  16  17  18  19  20
 76  77  78  79   5  80 149  83  84  85  86  87  88  89  90  91  92  93  94  21
 75 144 145 146 147  82  81 150 151 152 153 154 155 156 157 158 159 160  95  22
 74 143 204 205 206 148 208 209 210 212 262 213 214 215 216 217 218 161  96  23
 73 142 203 256 257 207 259 260 261 305 211 263 265 266 267 268 219 162  97  24
 72 141 202 255 300 258 301 302 303 304 306 264 308 309 310 269 220 163  98  25
 71 140 201 254 299 365 337 364 366 340 341 307 343 344 311 270 221 164  99  26
 70 139 200 253 298 336 335 339 338 367 368 342 369 370 312 271 222 165 100  27
 69 138 199 252 297 334 363 384 385 386 387 388 346 345 313 272 223 166 101  28
 68 137 198 251 296 333 362 383 396 397 389 372 371 347 314 273 224 167 102  29
 67 136 197 250 295 332 361 382 395 399 398 390 373 348 315 274 225 168 103  30
 66 135 196 249 294 331 360 381 394 393 392 391 374 349 316 275 226 169 104  31
 65 134 195 248 293 330 359 380 379 378 377 376 375 350 317 276 227 170 105  32
 64 133 194 247 292 329 358 357 356 355 354 353 352 351 318 277 228 171 106  33
 63 132 193 246 291 328 327 326 325 324 323 322 321 320 319 278 229 172 107  34
 62 131 192 245 290 289 288 287 286 285 284 283 282 281 280 279 230 173 108  35
 61 130 191 244 243 241 186   0 239 238 237 236 235 234 233 232 231 174 109  36
 60 129 190 189 188 242 185 240 184 183 182 181 180 179 178 177 176 175 110  37
 59 128 127 126 125 187 123 122 121 120 119 118 117 116 115 114 113 112 111  38
 58  57  56  55  53 124  52  51  50  49  48  47  46  45  44  43  42  41  40  39
