# This puzzle is solvable
17
  1   2   3   4   5   7   8  42   9  10  11  12  13  14  15  16  17
 64  65  66  67  68   6  70  71  72  73  74  75  76  77  78  79  18
 63 120 121 122 170  69 125 126 127 128 129 130 131 132 133  80  19
 62 119 168 208 169 123 171 173 174 175 176 177 178 179 134  81  20
 61 118 167   0 209 124 172 211 212 213 215 216 217 180 135  82  21
 60 117 166 207 241 242 210 243 244 214 245 247 218 181 136  83  22
 59 116 165 206 240 264 265 266 267 268 246 248 219 182 137  84  23
 58 115 164 205 239 238 279 280 282 283 269 249 220 183 138  85  24
 57 114 163 204 237 263 262 281 288 271 270 250 221 184 139  86  25
 56 113 162 203 236 261 287 286 284 285 272 251 222 185 140  87  26
 55 112 161 202 235 260 278 276 275 274 273 252 223 186 141  88  27
 54 111 160 201 234 259 277 257 256 255 254 253 224 187 142  89  28
 53 110 159 200 233 231 258 230 229 228 227 226 225 188 143  90  29
 52 109 158 199 197 232 196 195 194 193 192 191 190 189 144  91  30
 51 108 157 156 198 154 153 152 151 150 149 148 147 146 145  92  31
 50 107 106 105 155 104 102 101 100  99  98  97  96  95  94  93  32
 49  48  47  46  45 103  44  43  41  40  39  38  37  36  35  34  33
