# This puzzle is solvable
12
  1   2   3   4   5   6   7   8   9  10  11  23
 44  45  46  47  48  49  50  51  52  53  54  12
 43  80  81  82  83  84  85  86  87  55  56  13
 42  79 108 109 110 111 112 132 113 114  88  14
 41  78 107 128 129 130 131 133 115  89  16  15
 40  77 106 127 140 141 142 117 116  57  90  58
 39  76 105 126 137 143 134 135 118  91  59  17
 38  75 104 125 139 138 136 120  93  92  19  18
 37  74 103 124 123 122 121  97 119  94  60  20
 36  73 102 101 100  99  98  66  96  95  61  62
 35  72  71  70  69  68  67   0  65  64  63  21
 34  33  32  31  30  29  28  27  26  25  24  22
