# This puzzle is unsolvable
12
  2   1   3   4   5   6   7   8   9  10  11  12
 44  45  46  47  48  49  50  51  52  53  54  13
 43  80  81  82  83  84  85  86  87  88  55  14
 42  79 108 109 110 111 112 113 114  89  56  15
 41  78 107 128 129 130 131 115  90  91  57  16
 40  77 106 127 143 139 133 132 116  58  59  17
 39  76 105 126 138 140 142 141 118 117  92  18
 38  75 104 125 123 137 136 134 119  93  60  19
 37  74 103 101 124 121  99 135 120  94  61  20
 36  73 102 100   0  69 122  97  96  95  62  21
 35  72  71  70  29  27  98  67  65  64  63  22
 34  33  32  31  68  30  28  66  26  25  24  23
